Checkers 4



Time for this run was :  72.518
[ 77.5  91.   55.   48.   19.   28.   89.5  88.5  72.   21.   79.   79.5
  33.   19.   36.   45.5  64.5  78.5  78.   46.   21.5  10.   35.5  32.5
  55.5  31.   90.   32.5  73.5  78.5  32.5  67.5  41.   61.5  27.   75.
  33.   68.   31.5  68.   58.   72.   17.   30.   36.   26.   73.   58.5
  32.   53.   65.5  60.   53.   42.   53.   39.   37.5  75.   24.   30.5
  70.   58.5  15.5  50.   48.5  18.5  16.5  86.5  54.5  87.5  51.5  44.
  36.5  23.   39.   59.5  36.5  22.   48.   81.5  84.5  31.   49.   49.5
  64.   15.   59.5  29.   37.5  23.   68.5  53.   95.5  90.   49.   24.5
  61.   36.   39.   26.   92.5  30. ]
[ 91.   91.   91.   91.   91.   91.   91.   91.   91.   91.   91.   91.
  91.   91.   91.   91.   91.   91.   91.   91.   91.   91.   91.   91.
  91.   91.   91.   91.   91.   91.   91.   91.   91.   91.   91.   91.
  91.   91.   91.   91.   91.   91.   91.   91.   91.   91.   91.   91.
  91.   91.   91.   91.   91.   91.   91.   91.   91.   91.   91.   91.
  91.   91.   91.   91.   91.   91.   91.   91.   91.   91.   91.   91.
  91.   91.   91.   91.   91.   91.   91.   91.   91.   91.   91.   91.
  91.   91.   91.   91.   91.   91.   95.5  95.5  95.5  95.5  95.5  95.5
  95.5  95.5  95.5  95.5]
[]
[4.107825191113079e-14, 6.186162693211372e-13, 8.029132914089132e-13, 1.220135104063047e-12, 1.396660564978447e-13, 4.569677969357144e-13, 6.88116230662672e-13, 8.242295734817162e-13, 3.992361996552063e-13, 1.6542323066914832e-12, 2.1753709944505317e-12, 1.8096635301390052e-12, 2.552402733613235e-12, 1.6859846851957627e-12, 8.504308368628699e-13, 2.4371615836571436e-12, 1.0313971898767704e-12, 3.022249117634601e-12, 3.113065361048939e-12, 3.625544309215911e-12, 4.048317236993171e-12, 2.1966872765233347e-12, 2.8184121703134224e-12, 2.8970159604568835e-12, 1.1255441023649837e-12, 4.193978497823991e-12, 3.4845459850885163e-12, 2.5150992399858296e-12, 3.770317391627032e-12, 1.9599877276732514e-12, 4.413802656699772e-12, 3.3226754680981685e-12, 3.940847648209456e-12, 2.9736213491560193e-12, 2.1542767569826538e-12, 7.682743330406083e-13, 3.839373263758716e-12, 2.1946888750790094e-12, 1.8955947922449923e-12, 1.8476331575811855e-12, 7.2089001434960664e-12, 6.079137193637507e-12, 4.61053417666335e-12, 6.851630374171691e-12, -1.4398482406363655e-12, 1.4264145420384011e-12, 6.227907078937278e-12, 3.0402347306335287e-12, 2.7464697183177122e-12, 1.2490009027033011e-12, 4.9182879990894435e-12, 2.9558577807620168e-12, 6.492584248007915e-13, 5.077271936215766e-12, 2.772893026303791e-12, 1.4437340212225536e-12, 7.460698725481052e-12, 7.418510250545296e-12, -4.235500838944972e-13, 3.5722536040339037e-12, 1.0986545007085624e-11, 4.285238830448179e-12, 3.0886404545071855e-12, 1.1227019314219433e-11, 1.0829781516008552e-11, 1.0806910921701274e-12, 6.155964626941568e-12, -3.581579477440755e-13, 5.278222303672919e-12, 7.37676586481939e-12, 5.937028646485487e-12, 1.0385470261553564e-11, 9.5794483456757e-12, 3.0868640976677852e-12, 7.962075443401773e-12, 1.181210684819689e-11, 6.5571992280410996e-12, -2.51687559682523e-13, 1.4486190025309043e-12, 1.0726752819323337e-11, 8.920864047468058e-12, 6.5425442841160475e-12, 4.163114297739412e-12, 1.456590403847713e-11, 2.5222046673434306e-12, 1.2539969063141143e-11, 1.134958793613805e-11, 1.4305667761504992e-11, 5.146771897557301e-12, 6.701306176637445e-12, -4.4275694222051243e-13, 2.8983482280864337e-12, 8.64996962945952e-12, 1.4388268354537104e-11, 9.324097050011915e-12, 1.3758549854969715e-11, 1.0089262758583573e-11, 1.2073897437403502e-11, 1.3671286325234178e-12, 1.294808704699335e-11]
[1.0, 1.0, 1.0, 1.0, 1.0, 1.0, 1.0, 1.0, 1.0, 1.0, 1.0, 1.0, 1.0, 1.0, 1.0, 1.0, 1.0, 1.0, 1.0, 1.0, 1.0, 1.0, 1.0, 1.0, 1.0, 1.0, 1.0, 1.0, 1.0, 1.0, 1.0, 1.0, 1.0, 1.0, 1.0, 1.0, 1.0, 1.0, 1.0, 1.0, 1.0, 1.0, 1.0, 1.0, 0.9999999999999999, 1.0, 1.0, 1.0, 1.0, 1.0, 1.0, 1.0, 1.0, 1.0, 1.0, 1.0, 1.0, 1.0, 1.0, 1.0, 1.0, 1.0, 1.0, 1.0, 1.0, 1.0, 1.0, 1.0, 1.0, 1.0, 1.0, 1.0, 1.0, 1.0, 1.0, 1.0, 1.0, 1.0, 1.0, 1.0, 1.0, 1.0, 1.0, 1.0, 1.0, 1.0, 1.0, 1.0, 1.0, 1.0, 1.0, 1.0, 1.0, 1.0, 1.0, 1.0, 1.0, 1.0, 1.0, 1.0]
[56.49999999999999, 56.49999999999999, 61.0, 61.0, 59.5, 61.5, 59.5, 70.0, 68.5, 68.5, 68.0, 72.0, 72.0, 70.5, 70.0, 72.0, 71.0, 71.0, 71.0, 70.0, 71.5, 72.5, 76.5, 81.0, 81.0, 81.0, 80.5, 83.5, 80.5, 82.0, 80.5, 81.5, 83.0, 82.0, 81.5, 81.5, 81.0, 83.0, 82.0, 82.0, 82.5, 82.5, 83.0, 83.5, 83.0, 83.0, 81.5, 81.5, 81.0, 81.0, 79.5, 79.0, 79.5, 79.5, 79.5, 80.5, 81.0, 80.5, 80.5, 80.5, 80.5, 80.5, 81.0, 81.0, 80.5, 80.0, 80.5, 82.0, 81.0, 81.5, 82.0, 81.5, 82.0, 82.0, 81.5, 81.0, 81.0, 82.5, 82.5, 82.5, 83.0, 82.5, 82.0, 82.0, 81.0, 82.5, 81.5, 82.0, 80.5, 81.0, 81.5, 81.5, 81.5, 81.5, 81.5, 81.0, 81.5, 81.5, 81.5, 82.5]
time of execution : 5568.38100004 Sec(s)
