othello 5
depth 3


The Accuracy of predictions is  82.5 %
Time for this run was :  54.548
for optimal heu

[20.5, 35, 35, 36, 36, 36, 36, 39, 39, 42, 42, 42, 42, 42, 42, 42, 42, 42, 42, 42, 42, 42, 42, 42, 42, 42, 42, 42, 42, 42, 42, 42, 42, 42, 42, 42, 42, 42, 42, 43, 43, 43, 43, 43, 45, 45, 45, 45, 45, 45, 48, 48, 48, 48, 48, 48, 48, 48, 48, 48, 48, 48, 48, 48, 48, 48, 48, 48, 48, 48, 48, 48, 48, 48, 48, 48, 48, 48, 48, 48, 48, 48, 48, 48, 48, 48, 48, 48, 48, 48, 48, 48, 48, 48, 48, 48, 48, 48, 48, 48]


[  7.5   7.5  20.5   7.   35.   20.   22.5  36.    2.   39.    7.   11.5
   7.    4.5   8.    5.5  30.5  27.    7.5   8.5   5.5  27.5  12.   23.5
  31.5  36.    9.   38.5   3.    6.    7.   38.    4.5  23.5  11.   26.
  42.    9.   10.   43.   36.   28.   13.5  38.   45.   38.   48.   29.5
  31.   45.   28.5  27.   25.5  34.5  40.   38.5  21.   28.   41.   38.
  30.5  28.   44.   38.   32.   31.   39.   35.   37.   29.5  40.5  42.
  31.5  38.   37.5  28.5  32.   38.5  34.   29.5  37.5  21.5  32.5  38.
  34.   39.   29.   35.   36.   35.   40.   33.   36.   30.   38.   30.5
  34.   31.5  27.5  30.   37.5   4. ]

   y=[  7.5  , 7.5  ,20.5 ,  7. ,  35.  , 20. ,  22.5 , 36.  ,  2. ,  39. ,   7.  , 11.5,
   7.,   4.5  , 8.  ,  5.5 , 30.5  ,27.,    7.5 ,  8.5,   5.5 , 27.5 , 12.  , 23.5,
  31.5,  36.,    9.,   38.5  , 3. ,   6. ,   7.,   38.,    4.5,  23.5 , 11.,   26.,
  42.,    9.,   10.,   43. ,  36. ,  28. ,  13.5,  38. ,  45. ,  38.,   48.,   29.5,
  31.  , 45. ,  28.5 , 27. ,  25.5,  34.5,  40. ,  38.5,  21. ,  28.,   41.,   38.,
  30.5  ,28. ,  44.  , 38. ,  32. ,  31. ,  39. ,  35. ,  37. ,  29.5,  40.5,  42.,
  31.5  ,38. ,  37.5 , 28.5,  32. ,  38.5,  34. ,  29.5,  37.5,  21.5,  32.5,  38.,
  34.   ,39. ,  29. ,  35. ,  36. ,  35. ,  40. ,  33. ,  36. ,  30.,   38. ,  30.5,
  34.   ,31.5,  27.5,  30. ,  37.5,   4. ]
[]
[-1.1995959781074816e-12, 3.731726039291061e-11, 4.8218984360914874e-11, -6.0990101857782975e-12, 2.913669305826261e-12, 1.5453549551125434e-10, 4.360867222885645e-11, 3.321543040613051e-11, 2.082320982310648e-10, 3.1850744264261266e-11, 8.071032731038486e-11, 1.8038948113030528e-10, 1.6106538325288966e-10, 2.0378099208073763e-10, -6.636913241209186e-12, 1.7618417835763012e-10, 3.478308752136172e-10, 2.971036749954692e-10, 3.661311254177235e-10, 2.977398327885794e-10, 1.269340188514434e-11, 1.461497589616556e-12, 4.375477757889712e-11, 1.2225975787316656e-10, 4.58245663637058e-10, -1.6104118039095283e-11, 4.5374703994127685e-10, 5.545097714332314e-10, 5.859681628805902e-10, -1.570122920568906e-10, 7.334541862746846e-10, 1.4975443107800857e-10, 6.187006462710087e-10, 3.978986029551379e-10, 2.584881197975619e-10, 3.1989899618167783e-10, 1.3658674191674436e-10, -2.8546853769739755e-10, -3.185585129017454e-11, 4.403242215289538e-10, 4.20488772245875e-07, 0.24676458171911242, 0.07550637818755246, 0.04806127614191835, 0.07248817299743981, 0.27654657409181294, 0.5137996039507131, 0.02683152587058668, 0.06179813874205364, 0.5727834664665599, 0.2902694004980606, 0.0044324582836108295, 0.0549808270356813, 0.06807070464845522, 0.343869788497265, 0.11696649954049132, 0.06034333516409185, -0.021313782590596464, 0.2469387671822454, 0.14485509170577027, 0.038887760463009347, 0.2558747323295756, 0.45576089928329644, 0.10005316324432911, 0.057133944538352965, 0.0611789355696406, -0.016338441562495754, 0.0622175304405721, 0.23879955390687146, 0.10729545560067422, 0.13377188992879008, 0.10001235343815096, 0.2577215062474021, 0.467517896730278, 0.10831312804846549, 0.053170748014709224, 0.4963348293580734, 0.1396857540306331, 0.06438943791107743, 0.22361607664231475, 0.5402791605074111, 0.3341017003536959, 0.159450509635922, 0.1741490084729287, 0.12929693425033562, 0.39062399799013225, 0.06605516629395258, 0.13192160333463265, 0.2632581465769295, 0.046937855168119214, 0.08423485492707017, 0.09195199179980063, 0.12701118199269068, 0.3689561379924262, 0.34500560242618583, 0.07245998267828524, 0.08771811412715635, 0.3255370802371804, 0.26386964365167853, 0.9998521095656485]
[0.9999999999999999, 1.0, 1.0, 1.0, 1.0, 1.0, 1.0, 1.0, 1.0, 1.0, 1.0, 1.0, 1.0, 1.0, 1.0, 1.0, 1.0, 1.0, 1.0, 1.0, 1.0, 1.0, 1.0, 1.0, 1.0, 0.9999999999999999, 1.0, 1.0, 1.0, 0.9999999999999999, 1.0, 1.0, 1.0, 1.0, 1.0, 1.0, 1.0, 1.0, 1.0, 1.0, 0.9999999999998231, 0.9391072412089915, 0.9942987868529983, 0.9976901137356102, 0.9947454647754932, 0.9235219923580814, 0.7360099669800904, 0.999280069219456, 0.9961809900480179, 0.6719191005425513, 0.9157436751344965, 0.999980353313564, 0.9969771086584724, 0.9953663791686628, 0.8817535685588462, 0.9863188379852442, 0.9963586819012741, 0.9995457226716807, 0.9390212452625128, 0.9790170024069129, 0.9984877420861716, 0.9345281213552681, 0.7922820026844809, 0.9899893645248037, 0.9967357123814884, 0.9962571378425658, 0.9997330553273088, 0.9961289789058765, 0.9429747730538792, 0.9884876852074438, 0.9821050814648796, 0.9899975291597624, 0.9335796252175703, 0.7814270162368971, 0.9882682662923568, 0.9971728715555563, 0.7536517371660921, 0.9804878901208934, 0.9958540002854955, 0.9499958502670984, 0.7080984287214072, 0.8883760538207692, 0.9745755349768448, 0.9696721228478958, 0.9832823027934644, 0.8474128921942051, 0.9956367150058782, 0.9825966905736199, 0.93069514826088, 0.9977968377522166, 0.9929044892154154, 0.9915448312040493, 0.9838681596488196, 0.8638713682377137, 0.8809711342945445, 0.9947495509102626, 0.9923055324539751, 0.8940256093906516, 0.9303728111591362, 0.00029575899712239347]
[45.5, 52.0, 62.0, 65.5, 62.0, 68.0, 68.5, 72.5, 72.0, 69.5, 68.5, 68.0, 66.0, 66.5, 67.5, 75.5, 73.0, 73.5, 71.5, 74.0, 73.0, 74.5, 77.0, 79.0, 78.5, 78.5, 79.5, 80.0, 79.5, 79.0, 81.5, 82.5, 82.5, 82.0, 82.5, 82.5, 82.0, 82.5, 85.5, 85.5, 82.5, 84.5, 84.5, 83.5, 83.5, 83.0, 83.0, 83.0, 81.5, 81.5, 82.0, 81.0, 82.0, 83.0, 83.0, 83.0, 82.5, 82.5, 80.5, 82.0, 81.5, 81.5, 81.5, 82.5, 82.5, 82.0, 82.0, 82.0, 81.5, 82.0, 81.5, 81.5, 81.5, 82.0, 81.5, 81.0, 81.0, 81.0, 81.0, 81.0, 81.0, 82.0, 82.0, 82.0, 82.0, 83.0, 83.0, 82.5, 82.5, 82.5, 82.5, 82.5, 82.5, 82.5, 82.5, 82.5, 83.0, 83.0, 82.5, 82.5]
time of execution : 3346.76099992 Sec(s)
