checkers
depth 4


The Accuracy of predictions is  82.0 %
Time for this run was :  73.663
opt score is 
[22.5, 28.5, 28.5, 28.5, 28.5, 28.5, 32.5, 32.5, 32.5, 32.5, 32.5, 32.5, 32.5, 32.5, 32.5, 32.5, 32.5, 32.5, 32.5, 32.5, 41, 41, 41, 41, 41, 41, 41, 41, 41, 41, 41, 41, 45.5, 45.5, 45.5, 45.5, 45.5, 45.5, 45.5, 45.5, 45.5, 45.5, 45.5, 45.5, 45.5, 45.5, 45.5, 45.5, 45.5, 45.5, 45.5, 45.5, 45.5, 45.5, 45.5, 48, 48, 48, 48, 48, 48, 48, 48, 48, 48, 48, 48, 48, 48, 48, 48, 48, 48, 48, 48, 48, 48, 48, 48, 48, 48, 48, 48, 48, 48, 48, 48, 48, 48, 48, 48, 48, 48, 48, 48, 48, 48, 48, 48, 48]



[ 13.   22.5  28.5  18.   32.5  41.   28.   40.5   7.5  11.    8.   10.5
  15.   32.5  31.   21.5  27.5  28.5   8.5  16.5  47.5  47.   34.5  36.
  20.5  37.5  37.5  34.   10.5  16.   26.5  31.   14.5  32.5  14.5   8.
  45.5  21.5  12.   13.5  22.5  28.   15.   27.5  17.5  20.   11.5  30.
  27.5  18.   22.5  21.5  27.   14.   30.5  26.5  21.   13.   33.   23.
  30.5  48.   41.   29.   21.5  21.   13.   26.5  39.   39.5  21.5  35.5
  30.5  28.5  24.    8.5  27.5  40.5  10.    9.5  19.   26.   15.   20.
  12.   13.   26.5  17.   17.5   9.   12.5  11.5  20.   19.   17.   23.5
  35.5  35.   12.   37.   48.   18. ]
[]
[-1.9734214262712158e-12, 2.3490098755019062e-12, 4.517053397989912e-12, 1.2077006061872453e-12, 5.023537141823908e-12, 6.799893981224159e-12, 4.129585562395732e-12, 2.4296120670896926e-11, 4.181965884697547e-11, 3.977285167877653e-11, 4.373190698458984e-11, 2.6451507650904205e-11, -3.43924888568381e-12, 3.2101876712431476e-11, 1.4663381620039218e-11, -1.1118883591620943e-12, 1.6049828133191113e-11, 1.47128975669375e-11, -1.238231739364437e-12, 1.7410517472171705e-12, 3.7654546147791734e-11, 8.12172551434287e-12, 6.479261571712414e-13, 8.175682353339653e-13, 6.998179813422212e-12, 1.6923795698176036e-11, 5.597922125843979e-11, 5.594724683533059e-11, 2.167488410975693e-11, 4.508837747607686e-12, 7.970690774072864e-11, 4.1384229376717485e-11, 1.1361844798329912e-10, 8.401546125469395e-11, 6.95132840178303e-12, 1.5556889110257544e-11, 1.2130763060724803e-10, 9.760348085308124e-11, 8.393175043863721e-11, 7.783884647949435e-11, 1.4578804830023273e-10, -1.1414202916171234e-12, 1.3853806990482553e-11, 6.961320409004657e-11, 7.639999743958015e-11, -8.4169338165907e-12, 8.297296183457092e-11, 3.696443151568474e-11, 1.9571233522697185e-11, 4.8200110569496246e-11, 2.755462524817176e-11, 1.63866253899414e-10, 6.807843178080475e-11, 7.121392364695112e-11, 9.107825604814934e-11, 1.3354251038322218e-10, -1.2395862114544798e-11, 2.329136883361116e-11, 8.916334337527587e-11, -1.7206125413338214e-11, -5.918532330895232e-11, 2.1179946685379036e-11, 1.6411294545548571e-10, 5.328870678056319e-11, 2.3076585087267176e-10, 7.09272640619929e-11, 5.048139684049602e-11, -3.8312575334487065e-11, 1.6533041602428966e-10, 4.622191518421914e-11, 3.887934418855821e-11, 7.176570449018982e-11, 1.2412759708979593e-10, 2.2947443945042778e-10, 1.058377829821211e-10, 3.882205668048755e-11, 2.823217215564e-10, 3.058555630985893e-10, 2.1535839778152877e-10, 1.9532397921295797e-10, 2.5110624690682926e-10, 1.500857216285567e-10, 2.9150681868372885e-10, 3.2125924143144857e-10, 2.3019697259485383e-10, 3.3013058953201835e-10, 2.913447261221336e-10, 3.6775471556893535e-10, 2.2337998117905045e-10, 3.83006293347421e-10, 2.574502833141423e-10, 1.7627410642262475e-10, 2.589697345456443e-10, 2.936018095311965e-10, -6.713407607605859e-12, 1.2292922235701553e-10, 2.810416344090072e-10, 3.5895508787575636e-11, 3.363886946772254e-11, 2.49794851470142e-10]
[1.0, 1.0, 1.0, 1.0, 1.0, 1.0, 1.0, 1.0, 1.0, 1.0, 1.0, 1.0, 1.0, 1.0, 1.0, 1.0, 1.0, 1.0, 0.9999999999999999, 1.0, 1.0, 1.0, 1.0, 1.0, 1.0, 1.0, 1.0, 1.0, 1.0, 1.0, 1.0, 1.0, 1.0, 1.0, 1.0, 1.0, 1.0, 1.0, 1.0, 1.0, 1.0, 0.9999999999999999, 1.0, 1.0, 1.0, 0.9999999999999999, 1.0, 1.0, 1.0, 1.0, 1.0, 1.0, 1.0, 1.0, 1.0, 1.0, 1.0, 1.0, 1.0, 1.0, 1.0, 1.0, 1.0, 1.0, 1.0, 1.0, 1.0, 0.9999999999999999, 1.0, 1.0, 1.0, 1.0, 1.0, 1.0, 1.0, 1.0, 1.0, 1.0, 1.0, 1.0, 1.0, 1.0, 1.0, 1.0, 1.0, 1.0, 1.0, 1.0, 1.0, 1.0, 1.0, 1.0, 1.0, 1.0, 0.9999999999999999, 1.0, 1.0, 1.0, 1.0, 1.0]
[47.0, 47.0, 53.5, 59.0, 57.99999999999999, 56.00000000000001, 66.0, 72.5, 73.0, 71.0, 69.5, 73.0, 72.5, 72.0, 77.5, 72.0, 72.0, 70.0, 75.5, 75.5, 76.0, 76.5, 78.5, 79.5, 79.0, 81.5, 81.0, 79.5, 79.0, 79.0, 79.5, 79.0, 76.5, 77.0, 77.5, 77.5, 79.0, 77.5, 78.0, 79.0, 77.5, 77.0, 77.0, 76.0, 76.5, 76.5, 77.5, 79.0, 78.0, 78.5, 79.0, 78.5, 78.5, 77.5, 79.0, 79.5, 79.5, 79.5, 80.5, 78.5, 79.0, 79.0, 77.5, 79.0, 78.0, 80.0, 80.0, 79.0, 79.5, 79.5, 80.5, 80.0, 81.5, 80.5, 81.5, 81.5, 82.5, 82.5, 82.0, 82.0, 82.0, 82.5, 81.5, 81.5, 82.0, 82.0, 82.0, 82.0, 82.5, 82.5, 82.5, 82.5, 82.5, 82.0, 82.0, 82.0, 82.0, 82.0, 82.0, 82.0]
time of execution : 4115.19400001 Sec(s)